0 36 -1.5031e-17 0 0.74428 0 -0.09 0 0 0 0.070716 0.20619 -0.18691 0 0 0 -1.0094 0.14816 0.27369 0 0 0 0 0 -0.66 0 0 -0.6251 0 0 0 0.69 0 0 -0.2951 0 0 0 0
0.029135 36 -0.00035826 0 0.74224 0 -0.069384 0 0 0 0.062918 0.17923 -0.17276 0 0 0 -1.0206 0.1944 0.028969 0 0 0 0 0 -0.65262 0 0 -0.61527 0 0 0 0.59793 0 0 -0.15332 0 0 0 0
0.058269 36 0.003292 0 0.74502 0 -0.069802 0 0 0 0.074637 0.16786 -0.17269 0 0 0 -1.0114 0.18794 -0.0086136 0 0 0 0 0 -0.64114 0 0 -0.61956 0 0 0 0.53918 0 0 -0.059475 0 0 0 0
0.087404 36 0.0091408 0 0.74973 0 -0.081735 0 0 0 0.096265 0.1666 -0.18113 0 0 0 -0.99194 0.15081 0.076463 0 0 0 0 0 -0.62521 0 0 -0.63652 0 0 0 0.50944 0 0 -0.014549 0 0 0 0
0.11654 36 0.015378 0 0.75346 0 -0.095669 0 0 0 0.1182 0.16999 -0.19252 0 0 0 -0.97195 0.10501 0.19972 0 0 0 0 0 -0.60445 0 0 -0.66471 0 0 0 0.50442 0 0 -0.019526 0 0 0 0
0.14567 36 0.020541 0 0.75405 0 -0.10401 0 0 0 0.13287 0.17342 -0.20227 0 0 0 -0.95928 0.069143 0.29055 0 0 0 0 0 -0.57896 0 0 -0.70197 0 0 0 0.51819 0 0 -0.06989 0 0 0 0
0.17481 36 0.024876 0 0.7528 0 -0.10867 0 0 0 0.14276 0.17647 -0.21055 0 0 0 -0.95141 0.044874 0.34675 0 0 0 0 0 -0.55097 0 0 -0.74256 0 0 0 0.53686 0 0 -0.13405 0 0 0 0
0.20394 36 0.029045 0 0.75176 0 -0.11369 0 0 0 0.15257 0.1799 -0.21878 0 0 0 -0.94348 0.028853 0.38514 0 0 0 0 0 -0.52296 0 0 -0.78076 0 0 0 0.54691 0 0 -0.17896 0 0 0 0
0.23308 36 0.033109 0 0.75104 0 -0.11895 0 0 0 0.16226 0.18377 -0.22707 0 0 0 -0.93518 0.018655 0.41198 0 0 0 0 0 -0.4951 0 0 -0.81667 0 0 0 0.55038 0 0 -0.20908 0 0 0 0
0.26221 36 0.03695 0 0.75018 0 -0.12314 0 0 0 0.1704 0.1879 -0.23516 0 0 0 -0.92755 0.012291 0.42994 0 0 0 0 0 -0.46688 0 0 -0.8521 0 0 0 0.55367 0 0 -0.23945 0 0 0 0
0.29135 36 0.040626 0 0.74925 0 -0.12617 0 0 0 0.17704 0.19222 -0.24309 0 0 0 -0.92049 0.0085197 0.4418 0 0 0 0 0 -0.43837 0 0 -0.88713 0 0 0 0.55764 0 0 -0.27195 0 0 0 0
0.32048 36 0.044242 0 0.74848 0 -0.12841 0 0 0 0.18273 0.19668 -0.251 0 0 0 -0.91349 0.0064386 0.45018 0 0 0 0 0 -0.40986 0 0 -0.92126 0 0 0 0.56122 0 0 -0.30392 0 0 0 0
0.34962 36 0.047832 0 0.74787 0 -0.1299 0 0 0 0.18761 0.20122 -0.25893 0 0 0 -0.90646 0.0055438 0.45632 0 0 0 0 0 -0.38144 0 0 -0.95443 0 0 0 0.56449 0 0 -0.33542 0 0 0 0
0.37875 36 0.051396 0 0.74731 0 -0.13059 0 0 0 0.19164 0.20577 -0.26683 0 0 0 -0.89945 0.0055146 0.46088 0 0 0 0 0 -0.35312 0 0 -0.98678 0 0 0 0.56796 0 0 -0.36758 0 0 0 0
0.40788 36 0.054932 0 0.74678 0 -0.13055 0 0 0 0.19491 0.21033 -0.27469 0 0 0 -0.89246 0.0061708 0.46434 0 0 0 0 0 -0.32494 0 0 -1.0183 0 0 0 0.57174 0 0 -0.40056 0 0 0 0
0.43702 36 0.058439 0 0.74629 0 -0.1299 0 0 0 0.19752 0.21492 -0.28254 0 0 0 -0.88545 0.0073952 0.46709 0 0 0 0 0 -0.29695 0 0 -1.049 0 0 0 0.57574 0 0 -0.43414 0 0 0 0
0.46615 36 0.061919 0 0.7458 0 -0.12873 0 0 0 0.19956 0.21953 -0.29035 0 0 0 -0.8784 0.0090619 0.46952 0 0 0 0 0 -0.26919 0 0 -1.0788 0 0 0 0.57997 0 0 -0.46828 0 0 0 0
0.49529 36 0.065372 0 0.74531 0 -0.12708 0 0 0 0.20108 0.22415 -0.29815 0 0 0 -0.87131 0.011122 0.47183 0 0 0 0 0 -0.24167 0 0 -1.1078 0 0 0 0.58447 0 0 -0.50301 0 0 0 0
0.52442 36 0.0688 0 0.74481 0 -0.12499 0 0 0 0.20211 0.22882 -0.30594 0 0 0 -0.86435 0.014307 0.47282 0 0 0 0 0 -0.21441 0 0 -1.136 0 0 0 0.58922 0 0 -0.5383 0 0 0 0
0.55356 36 0.072203 0 0.74433 0 -0.12252 0 0 0 0.2027 0.23356 -0.31373 0 0 0 -0.85777 0.019658 0.4707 0 0 0 0 0 -0.18743 0 0 -1.1635 0 0 0 0.59421 0 0 -0.57408 0 0 0 0
0.58269 36 0.07558 0 0.74384 0 -0.11973 0 0 0 0.2029 0.23838 -0.32154 0 0 0 -0.8515 0.026953 0.46592 0 0 0 0 0 -0.16074 0 0 -1.1902 0 0 0 0.59943 0 0 -0.61031 0 0 0 0
0.61183 36 0.078932 0 0.74332 0 -0.1167 0 0 0 0.20278 0.24327 -0.32935 0 0 0 -0.84532 0.035259 0.46021 0 0 0 0 0 -0.13433 0 0 -1.2163 0 0 0 0.60489 0 0 -0.64696 0 0 0 0
0.64096 36 0.082258 0 0.74276 0 -0.11349 0 0 0 0.20243 0.24823 -0.33718 0 0 0 -0.83917 0.044325 0.45402 0 0 0 0 0 -0.1082 0 0 -1.2417 0 0 0 0.61058 0 0 -0.68397 0 0 0 0
0.6701 36 0.085563 0 0.74217 0 -0.11015 0 0 0 0.20188 0.25328 -0.34502 0 0 0 -0.83308 0.054347 0.44697 0 0 0 0 0 -0.082349 0 0 -1.2665 0 0 0 0.6165 0 0 -0.72132 0 0 0 0
0.69923 36 0.088847 0 0.74154 0 -0.10674 0 0 0 0.20119 0.25843 -0.35288 0 0 0 -0.82705 0.06537 0.43896 0 0 0 0 0 -0.056766 0 0 -1.2907 0 0 0 0.62266 0 0 -0.75897 0 0 0 0
0.72837 36 0.092108 0 0.74089 0 -0.10328 0 0 0 0.20039 0.26367 -0.36077 0 0 0 -0.82103 0.077323 0.43009 0 0 0 0 0 -0.03144 0 0 -1.3144 0 0 0 0.62907 0 0 -0.79689 0 0 0 0
0.7575 36 0.095345 0 0.7402 0 -0.099838 0 0 0 0.19952 0.26901 -0.36869 0 0 0 -0.81501 0.090168 0.42044 0 0 0 0 0 -0.0063581 0 0 -1.3377 0 0 0 0.63572 0 0 -0.83505 0 0 0 0
0.78663 36 0.098558 0 0.73948 0 -0.096443 0 0 0 0.19863 0.27444 -0.37663 0 0 0 -0.80895 0.10389 0.40998 0 0 0 0 0 0.018494 0 0 -1.3604 0 0 0 0.64262 0 0 -0.87341 0 0 0 0
0.81577 36 0.10175 0 0.73871 0 -0.093151 0 0 0 0.19777 0.27997 -0.38459 0 0 0 -0.80283 0.11849 0.39872 0 0 0 0 0 0.043132 0 0 -1.3828 0 0 0 0.64979 0 0 -0.91195 0 0 0 0
0.8449 36 0.10491 0 0.73791 0 -0.090011 0 0 0 0.19699 0.2856 -0.39258 0 0 0 -0.7966 0.13394 0.38666 0 0 0 0 0 0.067576 0 0 -1.4048 0 0 0 0.65723 0 0 -0.95062 0 0 0 0
0.87404 36 0.10807 0 0.73706 0 -0.087025 0 0 0 0.19634 0.29128 -0.4006 0 0 0 -0.79023 0.15021 0.37385 0 0 0 0 0 0.091844 0 0 -1.4264 0 0 0 0.66494 0 0 -0.9894 0 0 0 0
0.90317 36 0.11126 0 0.73617 0 -0.084152 0 0 0 0.19589 0.29691 -0.40865 0 0 0 -0.78366 0.16723 0.36037 0 0 0 0 0 0.11596 0 0 -1.4477 0 0 0 0.67295 0 0 -1.0282 0 0 0 0
0.93231 36 0.11444 0 0.73523 0 -0.081562 0 0 0 0.19574 0.30252 -0.4167 0 0 0 -0.77683 0.18502 0.34613 0 0 0 0 0 0.13993 0 0 -1.4688 0 0 0 0.68126 0 0 -1.0671 0 0 0 0
0.96144 36 0.11752 0 0.73421 0 -0.079627 0 0 0 0.19601 0.3083 -0.42468 0 0 0 -0.76971 0.20367 0.33083 0 0 0 0 0 0.16381 0 0 -1.4897 0 0 0 0.68987 0 0 -1.106 0 0 0 0
0.99058 36 0.1206 0 0.73315 0 -0.078174 0 0 0 0.19689 0.31384 -0.43256 0 0 0 -0.76217 0.22297 0.31485 0 0 0 0 0 0.1876 0 0 -1.5103 0 0 0 0.69878 0 0 -1.1448 0 0 0 0
1.0197 36 0.12403 0 0.73212 0 -0.07644 0 0 0 0.19868 0.31809 -0.44033 0 0 0 -0.75391 0.24239 0.29924 0 0 0 0 0 0.21129 0 0 -1.5306 0 0 0 0.70801 0 0 -1.1834 0 0 0 0
1.0488 36 0.12754 0 0.73104 0 -0.075294 0 0 0 0.2015 0.32173 -0.44794 0 0 0 -0.74499 0.26244 0.28266 0 0 0 0 0 0.23497 0 0 -1.5507 0 0 0 0.7176 0 0 -1.2219 0 0 0 0
1.078 36 0.13016 0 0.72956 0 -0.077642 0 0 0 0.20529 0.32765 -0.45529 0 0 0 -0.73578 0.28496 0.26082 0 0 0 0 0 0.25882 0 0 -1.5706 0 0 0 0.72761 0 0 -1.2602 0 0 0 0
1.1071 36 0.13176 0 0.72765 0 -0.083945 0 0 0 0.21002 0.33644 -0.46251 0 0 0 -0.72635 0.31003 0.23353 0 0 0 0 0 0.2829 0 0 -1.5904 0 0 0 0.73808 0 0 -1.2986 0 0 0 0
1.1362 36 0.13348 0 0.72573 0 -0.091163 0 0 0 0.21581 0.34541 -0.47005 0 0 0 -0.71632 0.33522 0.2065 0 0 0 0 0 0.30703 0 0 -1.6104 0 0 0 0.74902 0 0 -1.3368 0 0 0 0
1.1654 36 0.1359 0 0.72401 0 -0.097528 0 0 0 0.22247 0.35313 -0.47807 0 0 0 -0.70555 0.35912 0.18303 0 0 0 0 0 0.33121 0 0 -1.6307 0 0 0 0.76038 0 0 -1.375 0 0 0 0
1.1945 36 0.13857 0 0.72234 0 -0.10355 0 0 0 0.22945 0.3604 -0.48629 0 0 0 -0.69438 0.38209 0.16224 0 0 0 0 0 0.35562 0 0 -1.6515 0 0 0 0.77207 0 0 -1.4128 0 0 0 0
1.2237 36 0.1412 0 0.72064 0 -0.10965 0 0 0 0.23639 0.36777 -0.49451 0 0 0 -0.68301 0.40448 0.14326 0 0 0 0 0 0.38041 0 0 -1.6729 0 0 0 0.78401 0 0 -1.4501 0 0 0 0
1.2528 36 0.14386 0 0.71891 0 -0.11573 0 0 0 0.2434 0.37512 -0.50279 0 0 0 -0.67138 0.42643 0.12579 0 0 0 0 0 0.40554 0 0 -1.6948 0 0 0 0.79624 0 0 -1.4871 0 0 0 0
1.2819 36 0.14662 0 0.71714 0 -0.12182 0 0 0 0.25063 0.3824 -0.51122 0 0 0 -0.65944 0.44805 0.10958 0 0 0 0 0 0.43098 0 0 -1.7172 0 0 0 0.80879 0 0 -1.5237 0 0 0 0
1.3111 36 0.14949 0 0.71532 0 -0.12815 0 0 0 0.25821 0.38986 -0.51992 0 0 0 -0.6472 0.46945 0.094336 0 0 0 0 0 0.45674 0 0 -1.7401 0 0 0 0.82164 0 0 -1.56 0 0 0 0
1.3402 36 0.15241 0 0.71342 0 -0.13469 0 0 0 0.26604 0.39747 -0.52883 0 0 0 -0.63467 0.4907 0.079884 0 0 0 0 0 0.48285 0 0 -1.7635 0 0 0 0.83481 0 0 -1.5959 0 0 0 0
1.3693 36 0.15528 0 0.71143 0 -0.14083 0 0 0 0.27363 0.40461 -0.53741 0 0 0 -0.62179 0.5118 0.0663 0 0 0 0 0 0.50933 0 0 -1.7873 0 0 0 0.84834 0 0 -1.6315 0 0 0 0
1.3985 36 0.15813 0 0.70934 0 -0.14657 0 0 0 0.28102 0.41129 -0.54574 0 0 0 -0.60852 0.53278 0.05351 0 0 0 0 0 0.5362 0 0 -1.8117 0 0 0 0.86223 0 0 -1.6669 0 0 0 0
1.4276 36 0.16136 0 0.70715 0 -0.15337 0 0 0 0.28957 0.41915 -0.55535 0 0 0 -0.59495 0.55377 0.041046 0 0 0 0 0 0.56342 0 0 -1.8365 0 0 0 0.87643 0 0 -1.7019 0 0 0 0
1.4567 36 0.16517 0 0.70484 0 -0.16204 0 0 0 0.30006 0.42911 -0.56712 0 0 0 -0.58112 0.5749 0.028593 0 0 0 0 0 0.59096 0 0 -1.8618 0 0 0 0.89095 0 0 -1.7367 0 0 0 0
1.4859 36 0.16931 0 0.70236 0 -0.17145 0 0 0 0.31147 0.43987 -0.57989 0 0 0 -0.56699 0.59624 0.016315 0 0 0 0 0 0.61893 0 0 -1.8877 0 0 0 0.90591 0 0 -1.7713 0 0 0 0
1.515 36 0.17349 0 0.69968 0 -0.18075 0 0 0 0.32308 0.45022 -0.59256 0 0 0 -0.55247 0.61781 0.0043774 0 0 0 0 0 0.64741 0 0 -1.9144 0 0 0 0.92142 0 0 -1.8061 0 0 0 0
1.5441 36 0.17767 0 0.69679 0 -0.19068 0 0 0 0.33568 0.45996 -0.60496 0 0 0 -0.53741 0.63951 -0.0072539 0 0 0 0 0 0.67637 0 0 -1.9419 0 0 0 0.93742 0 0 -1.8409 0 0 0 0
1.5733 36 0.18187 0 0.69368 0 -0.2019 0 0 0 0.34993 0.46903 -0.61707 0 0 0 -0.52161 0.66122 -0.018632 0 0 0 0 0 0.70578 0 0 -1.9699 0 0 0 0.95387 0 0 -1.8756 0 0 0 0
1.6024 36 0.18611 0 0.69034 0 -0.21393 0 0 0 0.36544 0.4774 -0.62891 0 0 0 -0.50486 0.68289 -0.029773 0 0 0 0 0 0.73572 0 0 -1.9987 0 0 0 0.97084 0 0 -1.9104 0 0 0 0
1.6315 36 0.19046 0 0.68676 0 -0.22634 0 0 0 0.38193 0.4849 -0.6405 0 0 0 -0.48691 0.70444 -0.040737 0 0 0 0 0 0.76627 0 0 -2.028 0 0 0 0.98842 0 0 -1.9451 0 0 0 0
1.6607 36 0.19497 0 0.68291 0 -0.23945 0 0 0 0.40008 0.49104 -0.65168 0 0 0 -0.46742 0.72574 -0.051745 0 0 0 0 0 0.79746 0 0 -2.058 0 0 0 1.0066 0 0 -1.9798 0 0 0 0
1.6898 36 0.19975 0 0.67877 0 -0.25373 0 0 0 0.42073 0.49529 -0.66229 0 0 0 -0.446 0.74661 -0.063056 0 0 0 0 0 0.82932 0 0 -2.0886 0 0 0 1.0255 0 0 -2.0144 0 0 0 0
1.7189 36 0.20486 0 0.67434 0 -0.26968 0 0 0 0.44475 0.49709 -0.67217 0 0 0 -0.42229 0.76689 -0.074925 0 0 0 0 0 0.86188 0 0 -2.1197 0 0 0 1.0452 0 0 -2.049 0 0 0 0
