-0.000000 
0.545317 
1.650571 
1.576397 
2.085127 
4.128735 
2.670557 
2.648665 
1.578287 
1.047198 
0.785398 
1.047198 
0.523599 
1.235141 
-0.778485 
-0.962665 
-1.000000 
-1.000000 
1.000000 
-0.962665 
-0.990701 
-1.031576 
1.000000 
-1.000000 
1.000000 
1.000000 
-10.238692 
26.478613 
0.000000 
0.000000 
0.000000 
0.000000 
0.000000 
0.000000 
0.000000 
0.000000 
0.000000 
0.000000 
0.845771 
0.188459 
1.197047 
0.941849 
1.391899 
1.399776 
1.277062 
0.067208 
0.137612 
0.639199 
-0.006676 
0.550596 
1.615157 
1.569199 
2.100662 
4.156648 
2.773253 
2.684650 
1.582478 
1.047198 
0.785398 
1.047198 
0.523599 
1.188483 
-0.683084 
-1.043848 
-1.000000 
-1.000000 
1.000000 
-0.762640 
-0.994776 
-1.126194 
1.000000 
-1.000000 
1.000000 
1.000000 
-10.238692 
26.478613 
0.000000 
0.000000 
0.000000 
0.000000 
0.000000 
0.000000 
0.000000 
0.000000 
0.000000 
0.000000 
1.061729 
1.308891 
0.815238 
1.639962 
1.436718 
1.937299 
1.062668 
0.650291 
0.211258 
1.221917 
-0.013353 
0.555876 
1.579742 
1.562001 
2.116198 
4.184561 
2.875948 
2.720635 
1.586669 
1.047197 
0.785398 
1.047198 
0.523599 
1.141825 
-0.587684 
-1.125032 
-1.000000 
-1.000000 
1.000000 
-0.562616 
-0.998851 
-1.220811 
1.000000 
-1.000000 
1.000000 
1.000000 
-10.238692 
26.478613 
0.000000 
0.000000 
0.000000 
0.000000 
0.000000 
0.000000 
0.000000 
0.000000 
0.000000 
0.000000 
1.557604 
0.846906 
0.181647 
0.532943 
0.307313 
0.562011 
0.880170 
1.054285 
0.914849 
1.750743 
-0.020029 
0.561155 
1.544328 
1.554802 
2.131734 
4.212473 
2.978644 
2.756619 
1.590859 
1.047197 
0.785398 
1.047198 
0.523599 
1.095167 
-0.492283 
-1.206215 
-1.000000 
-1.000000 
1.000000 
-0.362591 
-1.002925 
-1.315429 
1.000000 
-1.000000 
1.000000 
1.000000 
-10.238692 
26.478613 
0.000000 
0.000000 
0.000000 
0.000000 
0.000000 
0.000000 
0.000000 
0.000000 
0.000000 
0.000000 
1.036104 
1.887245 
1.275418 
1.915388 
0.481414 
1.352245 
0.578129 
1.343616 
1.390281 
0.135986 
-0.026706 
0.566435 
1.508914 
1.547604 
2.147270 
4.240386 
3.081340 
2.792604 
1.595050 
1.047197 
0.785398 
1.047198 
0.523599 
1.048509 
-0.396883 
-1.287399 
-1.000000 
-1.000000 
1.000000 
-0.162567 
-1.007000 
-1.410046 
1.000000 
-1.000000 
1.000000 
1.000000 
-10.238692 
26.478613 
0.000000 
0.000000 
0.000000 
0.000000 
0.000000 
0.000000 
0.000000 
0.000000 
0.000000 
0.000000 
0.509580 
0.448080 
1.335665 
1.688784 
0.688925 
1.561039 
1.350664 
0.013431 
1.204341 
0.773542 
-0.033382 
0.571715 
1.473500 
1.540406 
2.162806 
4.268298 
3.184036 
2.828588 
1.599241 
1.047197 
0.785398 
1.047198 
0.523599 
1.001851 
-0.301482 
-1.368582 
-1.000000 
-1.000000 
1.000000 
0.037458 
-1.011075 
-1.504663 
1.000000 
-1.000000 
1.000000 
1.000000 
-10.238692 
26.478613 
0.000000 
0.000000 
0.000000 
0.000000 
0.000000 
0.000000 
0.000000 
0.000000 
0.000000 
0.000000 
1.831982 
0.002302 
0.924898 
0.848698 
0.921833 
1.540319 
0.644944 
1.569479 
0.942714 
0.071525 
-0.040059 
0.576994 
1.438086 
1.533208 
2.178341 
4.296211 
3.286732 
2.864573 
1.603431 
1.047197 
0.785398 
1.047198 
0.523599 
0.955193 
-0.206081 
-1.449765 
-1.000000 
-1.000000 
1.000000 
0.237483 
-1.015149 
-1.599281 
1.000000 
-1.000000 
1.000000 
1.000000 
-10.238692 
26.478613 
0.000000 
0.000000 
0.000000 
0.000000 
0.000000 
0.000000 
0.000000 
0.000000 
0.000000 
0.000000 
0.351749 
1.443516 
0.946972 
0.305442 
0.682249 
1.214778 
0.383491 
1.476854 
0.485699 
1.834849 
-0.046735 
0.582274 
1.402671 
1.526010 
2.193877 
4.324124 
3.389427 
2.900557 
1.607622 
1.047197 
0.785398 
1.047198 
0.523599 
0.908535 
-0.110681 
-1.530949 
-1.000000 
-1.000000 
1.000000 
0.437507 
-1.019224 
-1.693898 
1.000000 
-1.000000 
1.000000 
1.000000 
-10.238692 
26.478613 
0.000000 
0.000000 
0.000000 
0.000000 
0.000000 
0.000000 
0.000000 
0.000000 
0.000000 
0.000000 
0.538123 
1.531000 
0.377324 
0.574996 
0.182227 
1.152419 
1.366726 
1.093186 
0.851458 
1.288886 
-0.053412 
0.587553 
1.367257 
1.518812 
2.209413 
4.352036 
3.492123 
2.936542 
1.611813 
1.047197 
0.785398 
1.047198 
0.523599 
0.861877 
-0.015280 
-1.612132 
-1.000000 
-1.000000 
1.000000 
0.637532 
-1.023299 
-1.788516 
1.000000 
-1.000000 
1.000000 
1.000000 
-10.238692 
26.478613 
0.000000 
0.000000 
0.000000 
0.000000 
0.000000 
0.000000 
0.000000 
0.000000 
0.000000 
0.000000 
1.295235 
1.358034 
1.271573 
1.890348 
0.417870 
1.418563 
0.472461 
0.238792 
1.214608 
0.900275 
-0.060088 
0.592833 
1.331843 
1.511614 
2.224949 
4.379949 
3.594819 
2.972527 
1.616003 
1.047197 
0.785398 
1.047198 
0.523599 
0.815220 
0.080120 
-1.693316 
-1.000000 
-1.000000 
1.000000 
0.837556 
-1.027374 
-1.883133 
1.000000 
-1.000000 
1.000000 
1.000000 
-10.238692 
26.478613 
0.000000 
0.000000 
0.000000 
0.000000 
0.000000 
0.000000 
0.000000 
0.000000 
0.000000 
0.000000 
0.917451 
1.323890 
1.540571 
0.700436 
1.324019 
0.832317 
1.683858 
1.665834 
0.512882 
1.226921 
-10.238692 
26.478613 
0.000000 
0.000000 
0.000000 
0.000000 
0.000000 
0.000000 
0.000000 
0.000000 
0.000000 
0.000000 
-0.000000 
0.545317 
1.650571 
1.576397 
2.085127 
4.128735 
2.670557 
2.648665 
1.578287 
1.047198 
0.785398 
1.047198 
0.523599 
1.235141 
-0.778485 
-0.962665 
-1.000000 
-1.000000 
1.000000 
-0.962665 
-0.990701 
-1.031576 
1.000000 
-1.000000 
1.000000 
1.000000 
-10.238692 
13.239306 
0.000000 
13.239306 
0.000000 
0.000000 
0.000000 
0.000000 
0.000000 
0.000000 
0.000000 
0.000000 
1.164498 
1.081479 
1.739882 
0.529558 
0.636148 
0.238429 
1.879659 
1.291104 
0.958926 
1.278634 
-0.000118 
0.537218 
1.672290 
1.538316 
2.031453 
4.031424 
2.724463 
2.570538 
1.476709 
1.047198 
0.785398 
1.047198 
0.523599 
1.056074 
-0.712480 
-0.815339 
-1.092899 
-0.959301 
0.934615 
-0.732838 
-1.071452 
-0.944558 
1.000000 
-1.000000 
1.000000 
1.000000 
-10.238692 
13.239306 
0.000000 
13.239306 
0.000000 
0.000000 
0.000000 
0.000000 
0.000000 
0.000000 
0.000000 
0.000000 
1.089432 
1.294623 
1.087772 
1.442093 
1.044991 
1.987409 
0.437353 
0.211597 
0.219395 
0.127183 
-0.000235 
0.529119 
1.694008 
1.500235 
1.977780 
3.934112 
2.778369 
2.492410 
1.375131 
1.047198 
0.785398 
1.047198 
0.523599 
0.877007 
-0.646475 
-0.668013 
-1.185797 
-0.918602 
0.869230 
-0.503011 
-1.152204 
-0.857540 
1.000000 
-1.000000 
1.000000 
1.000000 
-10.238692 
13.239306 
0.000000 
13.239306 
0.000000 
0.000000 
0.000000 
0.000000 
0.000000 
0.000000 
0.000000 
0.000000 
0.809160 
0.896746 
0.731632 
1.527009 
1.255793 
1.543961 
1.865707 
1.945482 
0.384057 
0.277748 
-0.000353 
0.521021 
1.715727 
1.462154 
1.924107 
3.836800 
2.832275 
2.414283 
1.273553 
1.047198 
0.785398 
1.047198 
0.523599 
0.697940 
-0.580470 
-0.520687 
-1.278696 
-0.877903 
0.803845 
-0.273183 
-1.232955 
-0.770522 
1.000000 
-1.000000 
1.000000 
1.000000 
-10.238692 
13.239306 
0.000000 
13.239306 
0.000000 
0.000000 
0.000000 
0.000000 
0.000000 
0.000000 
0.000000 
0.000000 
1.392533 
0.187640 
1.050809 
1.060688 
1.722280 
0.969707 
0.786913 
1.342862 
1.482516 
1.040105 
-0.000470 
0.512922 
1.737446 
1.424073 
1.870434 
3.739489 
2.886181 
2.336155 
1.171975 
1.047198 
0.785398 
1.047198 
0.523599 
0.518873 
-0.514465 
-0.373360 
-1.371594 
-0.837204 
0.738461 
-0.043356 
-1.313706 
-0.683503 
1.000000 
-1.000000 
1.000000 
1.000000 
-10.238692 
13.239306 
0.000000 
13.239306 
0.000000 
0.000000 
0.000000 
0.000000 
0.000000 
0.000000 
0.000000 
0.000000 
0.695425 
0.299995 
1.172184 
0.524291 
0.088908 
1.509867 
0.485571 
0.884805 
1.375592 
0.718456 
-0.000588 
0.504824 
1.759164 
1.385993 
1.816761 
3.642177 
2.940087 
2.258028 
1.070397 
1.047198 
0.785398 
1.047198 
0.523599 
0.339806 
-0.448460 
-0.226034 
-1.464493 
-0.796505 
0.673076 
0.186471 
-1.394458 
-0.596485 
1.000000 
-1.000000 
1.000000 
1.000000 
-10.238692 
13.239306 
0.000000 
13.239306 
0.000000 
0.000000 
0.000000 
0.000000 
0.000000 
0.000000 
0.000000 
0.000000 
1.472680 
0.789415 
1.366832 
1.408095 
0.884611 
0.039155 
0.661716 
0.848619 
0.540541 
0.394108 
-0.000705 
0.496725 
1.780883 
1.347912 
1.763087 
3.544866 
2.993994 
2.179900 
0.968818 
1.047198 
0.785398 
1.047198 
0.523599 
0.160739 
-0.382455 
-0.078708 
-1.557391 
-0.755807 
0.607691 
0.416298 
-1.475209 
-0.509467 
1.000000 
-1.000000 
1.000000 
1.000000 
-10.238692 
13.239306 
0.000000 
13.239306 
0.000000 
0.000000 
0.000000 
0.000000 
0.000000 
0.000000 
0.000000 
0.000000 
1.643442 
0.859843 
1.775542 
0.782366 
1.538229 
0.793583 
1.617028 
1.510154 
0.754791 
0.432038 
-0.000823 
0.488626 
1.802602 
1.309831 
1.709414 
3.447554 
3.047900 
2.101773 
0.867240 
1.047198 
0.785398 
1.047198 
0.523599 
-0.018327 
-0.316450 
0.068618 
-1.650290 
-0.715108 
0.542306 
0.646126 
-1.555960 
-0.422449 
1.000000 
-1.000000 
1.000000 
1.000000 
-10.238692 
13.239306 
0.000000 
13.239306 
0.000000 
0.000000 
0.000000 
0.000000 
0.000000 
0.000000 
0.000000 
0.000000 
1.580814 
1.898608 
0.655131 
1.342529 
0.877290 
1.667001 
1.537709 
0.334507 
1.723961 
1.979744 
-0.000941 
0.480528 
1.824321 
1.271750 
1.655741 
3.350242 
3.101806 
2.023645 
0.765662 
1.047198 
0.785398 
1.047198 
0.523599 
-0.197394 
-0.250445 
0.215944 
-1.743188 
-0.674409 
0.476921 
0.875953 
-1.636711 
-0.335431 
1.000000 
-1.000000 
1.000000 
1.000000 
-10.238692 
13.239306 
0.000000 
13.239306 
0.000000 
0.000000 
0.000000 
0.000000 
0.000000 
0.000000 
0.000000 
0.000000 
1.028847 
1.768562 
1.176052 
0.309505 
0.399726 
0.813910 
1.497411 
1.651168 
1.579926 
0.637048 
-0.001058 
0.472429 
1.846039 
1.233670 
1.602068 
3.252931 
3.155712 
1.945518 
0.664084 
1.047198 
0.785398 
1.047198 
0.523599 
-0.376461 
-0.184440 
0.363270 
-1.836087 
-0.633710 
0.411536 
1.105780 
-1.717463 
-0.248412 
1.000000 
-1.000000 
1.000000 
1.000000 
-10.238692 
13.239306 
0.000000 
13.239306 
0.000000 
0.000000 
0.000000 
0.000000 
0.000000 
0.000000 
0.000000 
0.000000 
1.068128 
0.179901 
0.223411 
0.272585 
1.357305 
0.990354 
0.379421 
0.990012 
0.295216 
0.109948 
-10.238692 
13.239306 
0.000000 
13.239306 
0.000000 
0.000000 
0.000000 
0.000000 
0.000000 
0.000000 
0.000000 
0.000000 
-0.000000 
0.545317 
1.650571 
1.576397 
2.085127 
4.128735 
2.670557 
2.648665 
1.578287 
1.047198 
0.785398 
1.047198 
0.523599 
1.235141 
-0.778485 
-0.962665 
-1.000000 
-1.000000 
1.000000 
-0.962665 
-0.990701 
-1.031576 
1.000000 
-1.000000 
1.000000 
1.000000 
-10.238692 
8.826204 
0.000000 
8.826204 
0.000000 
8.826204 
0.000000 
0.000000 
0.000000 
0.000000 
0.000000 
0.000000 
1.701425 
1.121119 
1.859218 
1.393334 
1.165582 
1.630794 
1.758028 
1.977823 
0.001045 
1.730877 
0.000816 
0.543959 
1.659757 
1.553028 
2.107873 
4.072895 
2.751792 
2.598069 
1.519037 
1.046773 
0.785951 
1.049523 
0.523597 
1.124155 
-0.702698 
-0.906606 
-0.996859 
-1.019678 
0.962612 
-0.820843 
-0.948833 
-1.001212 
1.000000 
-1.000000 
1.000000 
1.000000 
-10.238692 
8.826204 
0.000000 
8.826204 
0.000000 
8.826204 
0.000000 
0.000000 
0.000000 
0.000000 
0.000000 
0.000000 
1.225133 
1.979900 
1.055360 
0.959047 
1.602695 
0.455686 
0.996189 
1.801705 
1.149322 
1.690356 
0.001632 
0.542601 
1.668943 
1.529658 
2.130619 
4.017055 
2.833028 
2.547473 
1.459787 
1.046349 
0.786505 
1.051849 
0.523596 
1.013170 
-0.626912 
-0.850548 
-0.993719 
-1.039357 
0.925224 
-0.679020 
-0.906966 
-0.970847 
1.000000 
-1.000000 
1.000000 
1.000000 
-10.238692 
8.826204 
0.000000 
8.826204 
0.000000 
8.826204 
0.000000 
0.000000 
0.000000 
0.000000 
0.000000 
0.000000 
1.477281 
1.171974 
0.493469 
1.332832 
0.166966 
1.251920 
1.321889 
1.459504 
1.781504 
1.964606 
0.002448 
0.541244 
1.678129 
1.506289 
2.153365 
3.961214 
2.914264 
2.496876 
1.400537 
1.045925 
0.787058 
1.054174 
0.523594 
0.902185 
-0.551125 
-0.794489 
-0.990578 
-1.059035 
0.887836 
-0.537198 
-0.865098 
-0.940482 
1.000000 
-1.000000 
1.000000 
1.000000 
-10.238692 
8.826204 
0.000000 
8.826204 
0.000000 
8.826204 
0.000000 
0.000000 
0.000000 
0.000000 
0.000000 
0.000000 
1.538058 
1.162893 
1.856626 
1.160181 
0.033966 
0.241719 
1.725421 
0.968593 
1.689711 
0.418810 
0.003264 
0.539886 
1.687316 
1.482920 
2.176111 
3.905374 
2.995499 
2.446280 
1.341287 
1.045501 
0.787611 
1.056500 
0.523593 
0.791200 
-0.475338 
-0.738431 
-0.987438 
-1.078713 
0.850448 
-0.395376 
-0.823230 
-0.910117 
1.000000 
-1.000000 
1.000000 
1.000000 
-10.238692 
8.826204 
0.000000 
8.826204 
0.000000 
8.826204 
0.000000 
0.000000 
0.000000 
0.000000 
0.000000 
0.000000 
1.104583 
1.259767 
0.063982 
1.229427 
0.724823 
0.099065 
0.979140 
0.385021 
0.246167 
0.410988 
0.004080 
0.538529 
1.696502 
1.459551 
2.198857 
3.849534 
3.076735 
2.395684 
1.282037 
1.045076 
0.788164 
1.058826 
0.523591 
0.680215 
-0.399552 
-0.682372 
-0.984297 
-1.098392 
0.813060 
-0.253553 
-0.781363 
-0.879753 
1.000000 
-1.000000 
1.000000 
1.000000 
-10.238692 
8.826204 
0.000000 
8.826204 
0.000000 
8.826204 
0.000000 
0.000000 
0.000000 
0.000000 
0.000000 
0.000000 
0.293030 
0.378144 
0.085305 
1.270396 
0.563734 
1.077193 
1.390326 
0.998232 
1.071602 
0.890366 
0.004896 
0.537171 
1.705688 
1.436182 
2.221603 
3.793693 
3.157970 
2.345087 
1.222787 
1.044652 
0.788717 
1.061151 
0.523590 
0.569230 
-0.323765 
-0.626313 
-0.981157 
-1.118070 
0.775672 
-0.111731 
-0.739495 
-0.849388 
1.000000 
-1.000000 
1.000000 
1.000000 
-10.238692 
8.826204 
0.000000 
8.826204 
0.000000 
8.826204 
0.000000 
0.000000 
0.000000 
0.000000 
0.000000 
0.000000 
0.247865 
0.980715 
1.705996 
1.747855 
0.540589 
0.416923 
1.129959 
1.280624 
0.834058 
0.411951 
0.005712 
0.535814 
1.714874 
1.412813 
2.244349 
3.737853 
3.239206 
2.294491 
1.163537 
1.044228 
0.789271 
1.063477 
0.523588 
0.458245 
-0.247978 
-0.570255 
-0.978016 
-1.137749 
0.738284 
0.030091 
-0.697627 
-0.819023 
1.000000 
-1.000000 
1.000000 
1.000000 
-10.238692 
8.826204 
0.000000 
8.826204 
0.000000 
8.826204 
0.000000 
0.000000 
0.000000 
0.000000 
0.000000 
0.000000 
1.895866 
0.164142 
0.211419 
0.284082 
0.332921 
1.241917 
1.147420 
0.104156 
1.862403 
1.457323 
0.006528 
0.534456 
1.724060 
1.389444 
2.267095 
3.682013 
3.320442 
2.243894 
1.104286 
1.043804 
0.789824 
1.065803 
0.523587 
0.347260 
-0.172192 
-0.514196 
-0.974875 
-1.157427 
0.700896 
0.171914 
-0.655760 
-0.788658 
1.000000 
-1.000000 
1.000000 
1.000000 
-10.238692 
8.826204 
0.000000 
8.826204 
0.000000 
8.826204 
0.000000 
0.000000 
0.000000 
0.000000 
0.000000 
0.000000 
1.475683 
0.126809 
1.720881 
1.868810 
1.968797 
1.717878 
1.571118 
1.026755 
0.355205 
0.797179 
0.007344 
0.533099 
1.733246 
1.366075 
2.289841 
3.626173 
3.401677 
2.193298 
1.045036 
1.043380 
0.790377 
1.068128 
0.523585 
0.236275 
-0.096405 
-0.458138 
-0.971735 
-1.177105 
0.663508 
0.313736 
-0.613892 
-0.758293 
1.000000 
-1.000000 
1.000000 
1.000000 
-10.238692 
8.826204 
0.000000 
8.826204 
0.000000 
8.826204 
0.000000 
0.000000 
0.000000 
0.000000 
0.000000 
0.000000 
0.267863 
0.061779 
1.878283 
0.602612 
0.591068 
0.665873 
0.934136 
1.296397 
0.050456 
1.684413 
-10.238692 
8.826204 
0.000000 
8.826204 
0.000000 
8.826204 
0.000000 
0.000000 
0.000000 
0.000000 
0.000000 
0.000000 
0.007344 
0.533099 
1.733246 
1.366075 
2.289841 
3.626173 
3.401677 
2.193298 
1.045036 
1.043380 
0.790377 
1.068128 
0.523585 
0.236275 
-0.096405 
-0.458138 
-0.971735 
-1.177105 
0.663508 
0.313736 
-0.613892 
-0.758293 
1.000000 
-1.000000 
1.000000 
1.000000 
-10.238692 
6.619653 
0.000000 
6.619653 
0.000000 
6.619653 
0.000000 
6.619653 
0.000000 
0.000000 
0.000000 
0.000000 
1.118065 
1.708200 
0.695758 
0.892053 
0.108479 
0.354215 
1.325616 
0.661658 
1.796972 
0.236310 
0.007344 
0.533099 
1.733246 
1.366075 
2.289841 
3.626173 
3.401677 
2.193298 
1.045036 
1.043380 
0.790377 
1.068128 
0.523585 
0.236275 
-0.096405 
-0.458138 
-0.971735 
-1.177105 
0.663508 
0.313736 
-0.613892 
-0.758293 
1.000000 
-1.000000 
1.000000 
1.000000 
-10.238692 
6.619653 
0.000000 
6.619653 
0.000000 
6.619653 
0.000000 
6.619653 
0.000000 
0.000000 
0.000000 
0.000000 
1.976836 
1.079964 
1.413835 
1.998983 
0.575699 
0.829045 
0.929680 
1.527914 
1.636408 
0.200443 
0.007344 
0.533099 
1.733246 
1.366075 
2.289841 
3.626173 
3.401677 
2.193298 
1.045036 
1.043380 
0.790377 
1.068128 
0.523585 
0.236275 
-0.096405 
-0.458138 
-0.971735 
-1.177105 
0.663508 
0.313736 
-0.613892 
-0.758293 
1.000000 
-1.000000 
1.000000 
1.000000 
-10.238692 
6.619653 
0.000000 
6.619653 
0.000000 
6.619653 
0.000000 
6.619653 
0.000000 
0.000000 
0.000000 
0.000000 
0.356234 
0.719270 
0.113409 
1.043771 
0.671698 
0.351338 
0.417893 
1.810307 
1.350782 
0.936936 
0.007344 
0.533099 
1.733246 
1.366075 
2.289841 
3.626173 
3.401677 
2.193298 
1.045036 
1.043380 
0.790377 
1.068128 
0.523585 
0.236275 
-0.096405 
-0.458138 
-0.971735 
-1.177105 
0.663508 
0.313736 
-0.613892 
-0.758293 
1.000000 
-1.000000 
1.000000 
1.000000 
-10.238692 
6.619653 
0.000000 
6.619653 
0.000000 
6.619653 
0.000000 
6.619653 
0.000000 
0.000000 
0.000000 
0.000000 
1.824265 
0.208023 
1.491092 
1.472535 
1.123723 
0.368388 
1.194423 
0.599874 
0.268246 
0.425203 
0.007344 
0.533099 
1.733246 
1.366075 
2.289841 
3.626173 
3.401677 
2.193298 
1.045036 
1.043380 
0.790377 
1.068128 
0.523585 
0.236275 
-0.096405 
-0.458138 
-0.971735 
-1.177105 
0.663508 
0.313736 
-0.613892 
-0.758293 
1.000000 
-1.000000 
1.000000 
1.000000 
-10.238692 
6.619653 
0.000000 
6.619653 
0.000000 
6.619653 
0.000000 
6.619653 
0.000000 
0.000000 
0.000000 
0.000000 
1.789883 
0.142906 
0.484973 
0.107509 
0.883444 
0.026566 
1.794383 
0.393316 
0.186741 
0.614734 
0.007344 
0.533099 
1.733246 
1.366075 
2.289841 
3.626173 
3.401677 
2.193298 
1.045036 
1.043380 
0.790377 
1.068128 
0.523585 
0.236275 
-0.096405 
-0.458138 
-0.971735 
-1.177105 
0.663508 
0.313736 
-0.613892 
-0.758293 
1.000000 
-1.000000 
1.000000 
1.000000 
-10.238692 
6.619653 
0.000000 
6.619653 
0.000000 
6.619653 
0.000000 
6.619653 
0.000000 
0.000000 
0.000000 
0.000000 
0.912115 
0.203339 
1.990779 
0.664186 
0.594694 
0.124090 
0.596488 
0.092703 
1.010856 
1.522852 
0.007344 
0.533099 
1.733246 
1.366075 
2.289841 
3.626173 
3.401677 
2.193298 
1.045036 
1.043380 
0.790377 
1.068128 
0.523585 
0.236275 
-0.096405 
-0.458138 
-0.971735 
-1.177105 
0.663508 
0.313736 
-0.613892 
-0.758293 
1.000000 
-1.000000 
1.000000 
1.000000 
-10.238692 
6.619653 
0.000000 
6.619653 
0.000000 
6.619653 
0.000000 
6.619653 
0.000000 
0.000000 
0.000000 
0.000000 
1.262140 
0.179783 
0.161725 
1.554481 
1.810269 
1.067544 
0.218308 
1.651618 
0.676195 
0.587946 
0.007344 
0.533099 
1.733246 
1.366075 
2.289841 
3.626173 
3.401677 
2.193298 
1.045036 
1.043380 
0.790377 
1.068128 
0.523585 
0.236275 
-0.096405 
-0.458138 
-0.971735 
-1.177105 
0.663508 
0.313736 
-0.613892 
-0.758293 
1.000000 
-1.000000 
1.000000 
1.000000 
-10.238692 
6.619653 
0.000000 
6.619653 
0.000000 
6.619653 
0.000000 
6.619653 
0.000000 
0.000000 
0.000000 
0.000000 
1.492627 
0.020673 
0.096895 
1.335832 
1.206936 
1.052205 
1.459419 
1.414507 
1.562754 
0.575954 
0.007344 
0.533099 
1.733246 
1.366075 
2.289841 
3.626173 
3.401677 
2.193298 
1.045036 
1.043380 
0.790377 
1.068128 
0.523585 
0.236275 
-0.096405 
-0.458138 
-0.971735 
-1.177105 
0.663508 
0.313736 
-0.613892 
-0.758293 
1.000000 
-1.000000 
1.000000 
1.000000 
-10.238692 
6.619653 
0.000000 
6.619653 
0.000000 
6.619653 
0.000000 
6.619653 
0.000000 
0.000000 
0.000000 
0.000000 
1.385064 
1.113340 
0.793042 
0.123181 
1.560351 
0.675168 
1.215732 
1.482508 
0.209626 
0.255777 
0.007344 
0.533099 
1.733246 
1.366075 
2.289841 
3.626173 
3.401677 
2.193298 
1.045036 
1.043380 
0.790377 
1.068128 
0.523585 
0.236275 
-0.096405 
-0.458138 
-0.971735 
-1.177105 
0.663508 
0.313736 
-0.613892 
-0.758293 
1.000000 
-1.000000 
1.000000 
1.000000 
-10.238692 
6.619653 
0.000000 
6.619653 
0.000000 
6.619653 
0.000000 
6.619653 
0.000000 
0.000000 
0.000000 
0.000000 
1.099080 
0.970459 
1.780951 
1.597921 
1.468682 
0.102664 
0.145771 
0.177055 
1.596702 
1.886016 
